1 2.837600
2 2.770692
3 2.768048
4 2.766187
5 2.764986
6 2.763885
7 2.762850
8 2.762003
9 2.760964
10 2.760301
11 2.759188
12 2.758714
13 2.757467
14 2.757194
15 2.755757
16 2.755681
17 2.754028
18 2.754123
19 2.752264
20 2.752492
21 2.750467
22 2.750793
23 2.748648
24 2.749043
25 2.746819
26 2.747264
27 2.744988
28 2.745472
29 2.743159
30 2.743677
31 2.741336
32 2.741884
33 2.739521
34 2.740095
35 2.737713
36 2.738314
37 2.735913
38 2.736540
39 2.734122
40 2.734773
41 2.732338
42 2.733014
43 2.730563
44 2.731263
45 2.728795
46 2.729519
47 2.727036
48 2.727783
49 2.725284
50 2.726054
51 2.723540
52 2.724333
53 2.721803
54 2.722620
55 2.720074
56 2.720913
57 2.718353
58 2.719214
59 2.716639
60 2.717521
61 2.714932
62 2.715836
63 2.713232
64 2.714158
65 2.711540
66 2.712487
67 2.709854
68 2.710823
69 2.708176
70 2.709165
71 2.706505
72 2.707515
73 2.704841
74 2.705871
75 2.703183
76 2.704234
77 2.701533
78 2.702604
79 2.699889
80 2.700980
81 2.698252
82 2.699363
83 2.696622
84 2.697752
85 2.694998
86 2.696148
87 2.693381
88 2.694550
89 2.691771
90 2.692959
91 2.690167
92 2.691374
93 2.688569
94 2.689795
95 2.686979
96 2.688223
97 2.685394
98 2.686657
99 2.683816
100 2.685097
